151.1742863 Training_Time (s)
21.205570300000005 Test_time (s)
99.54869942752401 Kappa accuracy (%)
99.66320802857629 Overall accuracy (%)
99.49094777263907 Average accuracy (%)
[ 99.56466069  98.95608351 100.         100.          99.93215082
  98.49279161] Each accuracy (%)
              precision    recall  f1-score   support

  Apple Tree     0.9982    0.9956    0.9969      3905
    Building     0.9842    0.9896    0.9869      2778
      Ground     0.9639    1.0000    0.9816       374
        Wood     1.0000    1.0000    1.0000      8969
    Vineyard     0.9995    0.9993    0.9994     10317
       Roads     0.9904    0.9849    0.9877      3052

    accuracy                         0.9966     29395
   macro avg     0.9894    0.9949    0.9921     29395
weighted avg     0.9967    0.9966    0.9966     29395

[[ 3888     0    14     0     3     0]
 [    0  2749     0     0     0    29]
 [    0     0   374     0     0     0]
 [    0     0     0  8969     0     0]
 [    7     0     0     0 10310     0]
 [    0    44     0     0     2  3006]]